#Time(ms)	States	Instructions	GC Time	Speed(st/s)
1389	50	12	42	0
1586	100	15	27	253
1650	150	15	34	781
1700	200	15	32	1000
1750	250	15	32	1000
1798	300	15	32	1041
1843	350	15	29	1111
1888	400	15	26	1111
1930	450	15	29	1190
1962	500	15	22	1562
2006	550	15	29	1136
2044	600	15	28	1315
2088	650	15	31	1136
2138	700	15	42	1000
2172	750	15	25	1470
2214	800	15	33	1190
2258	850	15	36	1136
2293	900	15	30	1428
2325	950	15	26	1562
2352	1000	15	23	1851
2399	1050	15	39	1063
2430	1100	15	27	1612
2456	1150	15	22	1923
2489	1200	15	25	1515
2516	1250	15	23	1851
2557	1300	15	33	1219
2598	1350	15	35	1219
2631	1400	15	23	1515
2666	1450	15	27	1428
2710	1500	15	35	1136
2745	1550	15	29	1428
2778	1600	15	29	1515
2814	1650	15	31	1388
2840	1700	15	20	1923
2887	1750	15	40	1063
2926	1800	15	34	1282
2958	1850	15	26	1562
2989	1900	15	23	1612
3018	1950	15	24	1724
3048	2000	15	26	1666
3081	2050	15	28	1515
3114	2100	15	26	1515
3144	2150	15	24	1666
3171	2200	15	23	1851
3198	2250	15	23	1851
3226	2300	15	24	1785
3262	2350	15	32	1388
3296	2400	15	29	1470
3327	2450	15	25	1612
3354	2500	15	23	1851
3382	2550	15	25	1785
3414	2600	15	28	1562
3442	2650	15	24	1785
3481	2700	15	36	1282
3515	2750	15	30	1470
3545	2800	15	27	1666
3580	2850	15	32	1428
3610	2900	15	26	1666
3642	2950	15	29	1562
3673	3000	15	28	1612
3714	3050	15	38	1219
3742	3100	15	25	1785
3770	3150	15	25	1785
3802	3200	15	25	1562
3842	3250	15	37	1250
3882	3300	15	32	1250
3910	3350	15	24	1785
3952	3400	15	39	1190
3988	3450	15	32	1388
4027	3500	15	35	1282
4053	3550	15	23	1923
4082	3600	15	27	1724
4114	3650	15	29	1562
4142	3700	15	25	1785
4174	3750	15	29	1562
4202	3800	15	24	1785
4234	3850	15	30	1562
4262	3900	15	26	1785
4290	3950	15	26	1785
4331	4000	15	37	1219
4366	4050	15	33	1428
4394	4100	15	26	1785
4424	4150	15	24	1666
4456	4200	15	29	1562
4494	4250	15	35	1315
4523	4300	15	27	1724
4546	4350	15	20	2173
4581	4400	15	32	1428
4601	4450	15	17	2500
4638	4500	15	35	1351
4661	4550	15	20	2173
4693	4600	15	29	1562
4725	4650	15	28	1562
4766	4700	15	35	1219
4785	4750	15	17	2631
4811	4800	15	23	1923
4832	4850	15	19	2380
4851	4900	15	16	2631
4870	4950	15	17	2631
4893	5000	15	20	2173
4912	5050	15	17	2631
4933	5100	15	18	2380
4959	5150	15	22	1923
4979	5200	15	18	2500
4999	5250	15	16	2500
5018	5300	15	17	2631
5039	5350	15	19	2380
5059	5400	15	18	2500
5082	5450	15	21	2173
5102	5500	15	17	2500
5121	5550	15	17	2631
5147	5600	15	22	1923
5190	5650	15	41	1162
5213	5700	15	21	2173
5237	5750	15	21	2083
5256	5800	15	17	2631
5275	5850	15	16	2631
5294	5900	15	17	2631
5317	5950	15	19	2173
5339	6000	15	20	2272
5358	6050	15	17	2631
5378	6100	15	18	2500
5413	6150	15	32	1428
5439	6200	15	24	1923
5459	6250	15	17	2500
5483	6300	15	21	2083
5516	6350	15	30	1515
5550	6400	15	32	1470
5581	6450	15	28	1612
5610	6500	15	26	1724
5642	6550	15	30	1562
5678	6600	15	34	1388
5714	6650	15	34	1388
5750	6700	15	34	1388
5785	6750	15	32	1428
5818	6800	15	29	1515
5859	6850	15	39	1219
5897	6900	15	35	1315
5928	6950	15	29	1612
5971	7000	15	36	1162
6007	7050	15	33	1388
6038	7100	15	28	1612
6063	7150	15	23	2000
6082	7200	15	17	2631
6122	7250	15	37	1250
6154	7300	15	29	1562
6186	7350	15	29	1562
6222	7400	15	33	1388
6252	7450	15	28	1666
6286	7500	15	31	1470
6318	7550	15	30	1562
6354	7600	15	34	1388
6386	7650	15	30	1562
6412	7700	15	24	1923
6438	7750	15	20	1923
6464	7800	15	23	1923
6485	7850	15	19	2380
6505	7900	15	17	2500
6544	7950	15	29	1282
6574	8000	15	27	1666
6606	8050	15	30	1562
6633	8100	15	25	1851
6669	8150	15	33	1388
6689	8200	15	18	2500
6726	8250	15	31	1351
6758	8300	15	30	1562
6790	8350	15	30	1562
6818	8400	15	26	1785
6849	8450	15	29	1612
6875	8500	15	23	1923
6895	8550	15	18	2500
6914	8600	15	17	2631
6934	8650	15	18	2500
6953	8700	15	17	2631
6972	8750	15	17	2631
6992	8800	15	17	2500
7011	8850	15	17	2631
7031	8900	15	18	2500
7050	8950	15	17	2631
7069	9000	15	17	2631
7089	9050	15	18	2500
7122	9100	15	27	1515
7154	9150	15	30	1562
7186	9200	15	30	1562
7213	9250	15	24	1851
7241	9300	15	26	1785
7278	9350	15	35	1351
7305	9400	15	25	1851
7356	9450	15	48	980
7383	9500	15	25	1851
7414	9550	15	29	1612
7440	9600	15	23	1923
7460	9650	15	18	2500
7481	9700	15	19	2380
7508	9750	15	24	1851
7528	9800	15	17	2500
7555	9850	15	19	1851
7574	9900	15	17	2631
7594	9950	15	18	2500
7613	10000	15	17	2631
7632	10050	15	17	2631
7670	10100	15	36	1315
7706	10150	15	34	1388
7741	10200	15	33	1428
7770	10250	15	27	1724
7798	10300	15	26	1785
7830	10350	15	29	1562
7862	10400	15	30	1562
7914	10450	15	50	961
7961	10500	15	45	1063
7987	10550	15	24	1923
8007	10600	15	18	2500
8046	10650	15	37	1282
8078	10700	15	30	1562
8110	10750	15	30	1562
8147	10800	15	34	1351
8168	10850	15	19	2380
8188	10900	15	18	2500
8219	10950	15	21	1612
8259	11000	15	38	1250
8280	11050	15	20	2380
8300	11100	15	18	2500
8322	11150	15	21	2272
8343	11200	15	19	2380
8386	11250	15	41	1162
8412	11300	15	24	1923
8450	11350	15	37	1315
8486	11400	15	34	1388
8516	11450	15	28	1666
8558	11500	15	40	1190
8594	11550	15	34	1388
8631	11600	15	35	1351
8660	11650	15	28	1724
8679	11700	15	18	2631
8699	11750	15	18	2500
8724	11800	15	23	2000
8744	11850	15	19	2500
8765	11900	15	19	2380
8785	11950	15	18	2500
8806	12000	15	19	2380
8827	12050	15	19	2380
8847	12100	15	19	2500
8867	12150	15	19	2500
8887	12200	15	19	2500
8926	12250	15	37	1282
8962	12300	15	34	1388
8995	12350	15	31	1515
9022	12400	15	25	1851
9062	12450	15	38	1250
9084	12500	15	21	2272
9104	12550	15	18	2500
9124	12600	15	19	2500
9146	12650	15	20	2272
9166	12700	15	19	2500
9186	12750	15	18	2500
9208	12800	15	20	2272
9229	12850	15	19	2380
9249	12900	15	18	2500
9269	12950	15	18	2500
9288	13000	15	18	2631
9308	13050	15	18	2500
9328	13100	15	19	2500
9348	13150	15	19	2500
9368	13200	15	19	2500
9387	13250	15	18	2631
9407	13300	15	18	2500
9446	13350	15	37	1282
9474	13400	15	26	1785
9506	13450	15	30	1562
9542	13500	15	34	1388
9586	13550	15	42	1136
9618	13600	15	30	1562
9650	13650	15	30	1562
9679	13700	15	27	1724
9699	13750	15	18	2500
9718	13800	15	18	2631
9738	13850	15	17	2500
9757	13900	15	17	2631
9776	13950	15	17	2631
9795	14000	15	18	2631
9814	14050	15	17	2631
9833	14100	15	18	2631
9852	14150	15	18	2631
9871	14200	15	18	2631
9889	14250	15	17	2777
9908	14300	15	17	2631
9951	14350	15	41	1162
9975	14400	15	23	2083
9994	14450	15	18	2631
10013	14500	15	18	2631
10032	14550	15	18	2631
10051	14600	15	18	2631
10070	14650	15	18	2631
10089	14700	15	18	2631
10107	14750	15	17	2777
10126	14800	15	17	2631
10145	14850	15	17	2631
10164	14900	15	17	2631
10183	14950	15	17	2631
10202	15000	15	18	2631
10221	15050	15	18	2631
10240	15100	15	18	2631
10259	15150	15	18	2631
10278	15200	15	18	2631
10296	15250	15	17	2777
10315	15300	15	17	2631
10334	15350	15	17	2631
10366	15400	15	30	1562
10398	15450	15	30	1562
10431	15500	15	31	1515
10473	15550	15	40	1190
10499	15600	15	24	1923
10518	15650	15	17	2631
10537	15700	15	18	2631
10556	15750	15	18	2631
10575	15800	15	17	2631
10593	15850	15	17	2777
10612	15900	15	17	2631
10631	15950	15	18	2631
10650	16000	15	17	2631
10668	16050	15	17	2777
10687	16100	15	17	2631
10706	16150	15	18	2631
10725	16200	15	18	2631
10743	16250	15	17	2777
10762	16300	15	17	2631
10781	16350	15	18	2631
10800	16400	15	18	2631
10834	16450	15	33	1470
10855	16500	15	20	2380
10873	16550	15	17	2777
10892	16600	15	17	2631
10912	16650	15	18	2500
10931	16700	15	18	2631
10950	16750	15	18	2631
10969	16800	15	17	2631
10987	16850	15	17	2777
11008	16900	15	19	2380
11046	16950	15	35	1315
11071	17000	15	24	2000
11102	17050	15	30	1612
11138	17100	15	35	1388
11166	17150	15	27	1785
11198	17200	15	31	1562
11234	17250	15	35	1388
11261	17300	15	26	1851
11302	17350	15	39	1219
11338	17400	15	35	1388
11369	17450	15	30	1612
11404	17500	15	34	1428
11447	17550	15	42	1162
11475	17600	15	27	1785
11512	17650	15	35	1351
11544	17700	15	31	1562
11580	17750	15	35	1388
11624	17800	15	43	1136
11663	17850	15	38	1282
11696	17900	15	31	1515
11731	17950	15	34	1428
11772	18000	15	40	1219
11806	18050	15	33	1470
11841	18100	15	33	1428
11884	18150	15	41	1162
11911	18200	15	26	1851
11947	18250	15	35	1388
11985	18300	15	36	1315
12020	18350	15	34	1428
12070	18400	15	49	1000
12097	18450	15	26	1851
12134	18500	15	35	1351
12169	18550	15	33	1428
12211	18600	15	40	1190
12237	18650	15	25	1923
12284	18700	15	45	1063
12315	18750	15	30	1612
12356	18800	15	40	1219
12382	18850	15	25	1923
12425	18900	15	42	1162
12464	18950	15	37	1282
12502	19000	15	36	1315
12540	19050	15	36	1315
12583	19100	15	42	1162
12614	19150	15	30	1612
12655	19200	15	40	1219
12690	19250	15	33	1428
12724	19300	15	33	1470
12760	19350	15	35	1388
12803	19400	15	42	1162
12833	19450	15	29	1666
12876	19500	15	42	1162
12919	19550	15	42	1162
12942	19600	15	22	2173
12984	19650	15	41	1190
13016	19700	15	31	1562
13057	19750	15	40	1219
13096	19800	15	38	1282
13139	19850	15	42	1162
13170	19900	15	30	1612
13211	19950	15	40	1219
13238	20000	15	26	1851
13280	20050	15	41	1190
13315	20100	15	34	1428
13358	20150	15	42	1162
13390	20200	15	31	1562
13417	20250	15	26	1851
13464	20300	15	45	1063
13499	20350	15	34	1428
13530	20400	15	30	1612
13568	20450	15	37	1315
13606	20500	15	37	1315
13637	20550	15	29	1612
13680	20600	15	41	1162
13723	20650	15	42	1162
13755	20700	15	31	1562
13786	20750	15	30	1612
13829	20800	15	42	1162
13868	20850	15	38	1282
13899	20900	15	30	1612
13935	20950	15	34	1388
13972	21000	15	36	1351
14014	21050	15	41	1190
14049	21100	15	34	1428
14089	21150	15	38	1250
14116	21200	15	25	1851
14160	21250	15	43	1136
14197	21300	15	36	1351
14232	21350	15	34	1428
14264	21400	15	31	1562
14312	21450	15	47	1041
14337	21500	15	24	2000
14380	21550	15	41	1162
14416	21600	15	35	1388
14458	21650	15	41	1190
14493	21700	15	34	1428
14539	21750	15	45	1086
14570	21800	15	29	1612
14597	21850	15	26	1851
14642	21900	15	43	1111
14669	21950	15	26	1851
14708	22000	15	38	1282
14750	22050	15	41	1190
14777	22100	15	25	1851
14824	22150	15	45	1063
14859	22200	15	34	1428
14886	22250	15	26	1851
14931	22300	15	44	1111
14966	22350	15	34	1428
15000	22400	15	33	1470
15038	22450	15	37	1315
15077	22500	15	38	1282
15113	22550	15	34	1388
15152	22600	15	38	1282
15185	22650	15	31	1515
15224	22700	15	38	1282
15263	22750	15	38	1282
15304	22800	15	39	1219
15335	22850	15	29	1612
15372	22900	15	36	1351
15408	22950	15	35	1388
15448	23000	15	39	1250
15484	23050	15	35	1388
15524	23100	15	39	1250
15564	23150	15	38	1250
15597	23200	15	32	1515
15640	23250	15	41	1162
15675	23300	15	34	1428
15712	23350	15	36	1351
15747	23400	15	34	1428
15788	23450	15	40	1219
15823	23500	15	34	1428
15859	23550	15	35	1388
15897	23600	15	37	1315
15929	23650	15	30	1562
15976	23700	15	46	1063
16011	23750	15	34	1428
16046	23800	15	34	1428
16084	23850	15	37	1315
16120	23900	15	35	1388
16156	23950	15	35	1388
16188	24000	15	31	1562
16233	24050	15	44	1111
16273	24100	15	38	1250
16304	24150	15	30	1612
16345	24200	15	39	1219
16381	24250	15	34	1388
16416	24300	15	34	1428
16456	24350	15	39	1250
16487	24400	15	30	1612
16528	24450	15	39	1219
16566	24500	15	36	1315
16608	24550	15	40	1190
16645	24600	15	36	1351
16680	24650	15	33	1428
16719	24700	15	37	1282
16759	24750	15	38	1250
16794	24800	15	34	1428
16829	24850	15	34	1428
16866	24900	15	35	1351
16908	24950	15	41	1190
16944	25000	15	35	1388
16976	25050	15	30	1562
17016	25100	15	39	1250
17056	25150	15	38	1250
17089	25200	15	32	1515
17132	25250	15	41	1162
17167	25300	15	34	1428
17207	25350	15	39	1250
17237	25400	15	29	1666
17280	25450	15	41	1162
17309	25500	15	28	1724
17351	25550	15	40	1190
17388	25600	15	35	1351
17438	25650	15	49	1000
17469	25700	15	30	1612
17516	25750	15	45	1063
17555	25800	15	38	1282
17588	25850	15	31	1515
17624	25900	15	34	1388
17664	25950	15	39	1250
17701	26000	15	36	1351
17737	26050	15	34	1388
17778	26100	15	40	1219
17811	26150	15	31	1515
17848	26200	15	35	1351
17884	26250	15	35	1388
17920	26300	15	35	1388
17958	26350	15	37	1315
18000	26400	15	41	1190
18037	26450	15	35	1351
18080	26500	15	41	1162
18111	26550	15	30	1612
18148	26600	15	35	1351
18189	26650	15	40	1219
18221	26700	15	30	1562
18258	26750	15	36	1351
18300	26800	15	41	1190
18338	26850	15	37	1315
18373	26900	15	34	1428
18416	26950	15	41	1162
18452	27000	15	35	1388
18488	27050	15	35	1388
18525	27100	15	36	1351
18565	27150	15	39	1250
18608	27200	15	42	1162
18640	27250	15	30	1562
18680	27300	15	39	1250
18719	27350	15	37	1282
18755	27400	15	35	1388
18792	27450	15	36	1351
18828	27500	15	34	1388
18872	27550	15	42	1136
18908	27600	15	35	1388
18944	27650	15	35	1388
18983	27700	15	38	1282
19026	27750	15	42	1162
19067	27800	15	40	1219
19101	27850	15	33	1470
19140	27900	15	37	1282
19180	27950	15	39	1250
19218	28000	15	36	1315
19254	28050	15	34	1388
19291	28100	15	36	1351
19335	28150	15	43	1136
19362	28200	15	26	1851
19396	28250	15	33	1470
19441	28300	15	44	1111
19476	28350	15	34	1428
19513	28400	15	34	1351
19552	28450	15	38	1282
19601	28500	15	47	1020
19632	28550	15	30	1612
19669	28600	15	36	1351
19705	28650	15	35	1388
19745	28700	15	39	1250
19784	28750	15	37	1282
19827	28800	15	41	1162
19863	28850	15	35	1388
19903	28900	15	39	1250
19940	28950	15	36	1351
19979	29000	15	38	1282
20016	29050	15	35	1351
20056	29100	15	39	1250
20087	29150	15	30	1612
20129	29200	15	40	1190
20173	29250	15	43	1136
20206	29300	15	32	1515
20248	29350	15	41	1190
20279	29400	15	30	1612
20320	29450	15	39	1219
20350	29500	15	29	1666
20400	29550	15	49	1000
20432	29600	15	30	1562
20472	29650	15	39	1250
20508	29700	15	34	1388
20548	29750	15	39	1250
20584	29800	15	34	1388
20628	29850	15	43	1136
20664	29900	15	35	1388
20700	29950	15	35	1388
20740	30000	15	39	1250
20775	30050	15	34	1428
20812	30100	15	35	1351
20858	30150	15	44	1086
20895	30200	15	34	1351
20938	30250	15	42	1162
20970	30300	15	30	1562
21002	30350	15	31	1562
21038	30400	15	35	1388
21068	30450	15	29	1666
21118	30500	15	49	1000
21150	30550	15	31	1562
21186	30600	15	35	1388
21234	30650	15	47	1041
21266	30700	15	31	1562
21307	30750	15	39	1219
21334	30800	15	26	1851
21376	30850	15	41	1190
21419	30900	15	41	1162
21463	30950	15	42	1136
21495	31000	15	31	1562
21538	31050	15	42	1162
21573	31100	15	34	1428
21619	31150	15	44	1086
21656	31200	15	35	1351
21692	31250	15	35	1388
21728	31300	15	35	1388
21768	31350	15	38	1250
21809	31400	15	40	1219
21845	31450	15	35	1388
21885	31500	15	38	1250
21918	31550	15	30	1515
21961	31600	15	42	1162
21996	31650	15	34	1428
22041	31700	15	44	1111
22077	31750	15	35	1388
22112	31800	15	34	1428
22149	31850	15	35	1351
22189	31900	15	39	1250
22232	31950	15	41	1162
22269	32000	15	35	1351
22309	32050	15	39	1250
22351	32100	15	41	1190
22383	32150	15	31	1562
22425	32200	15	41	1190
22467	32250	15	41	1190
22503	32300	15	35	1388
22543	32350	15	39	1250
22587	32400	15	42	1136
22618	32450	15	30	1612
22656	32500	15	36	1315
22697	32550	15	40	1219
22733	32600	15	34	1388
22770	32650	15	36	1351
22813	32700	15	41	1162
22849	32750	15	35	1388
22889	32800	15	39	1250
22926	32850	15	36	1351
22968	32900	15	41	1190
23004	32950	15	35	1388
23041	33000	15	36	1351
23088	33050	15	46	1063
23122	33100	15	33	1470
23158	33150	15	35	1388
23197	33200	15	38	1282
23241	33250	15	43	1136
23272	33300	15	30	1612
23313	33350	15	39	1219
23353	33400	15	39	1250
23389	33450	15	35	1388
23430	33500	15	40	1219
23466	33550	15	35	1388
23495	33600	15	28	1724
23515	33650	15	18	2500
23536	33700	15	19	2380
23556	33750	15	18	2500
23577	33800	15	19	2380
23598	33850	15	20	2380
23618	33900	15	19	2500
23641	33950	15	22	2173
23662	34000	15	18	2380
23682	34050	15	19	2500
23702	34100	15	19	2500
23722	34150	15	19	2500
23747	34200	15	19	2000
23766	34250	15	18	2631
23786	34300	15	19	2500
23806	34350	15	19	2500
23827	34400	15	20	2380
23847	34450	15	18	2500
23866	34500	15	18	2631
23886	34550	15	18	2500
23906	34600	15	19	2500
23933	34650	15	26	1851
23970	34700	15	35	1351
23998	34750	15	27	1785
24026	34800	15	26	1785
24054	34850	15	27	1785
24086	34900	15	31	1562
24114	34950	15	27	1785
24146	35000	15	31	1562
24174	35050	15	27	1785
24218	35100	15	43	1136
24248	35150	15	29	1666
24293	35200	15	43	1111
24328	35250	15	33	1428
24361	35300	15	32	1515
24405	35350	15	43	1136
24449	35400	15	43	1136
24481	35450	15	31	1562
24521	35500	15	39	1250
24562	35550	15	40	1219
24603	35600	15	39	1219
24643	35650	15	39	1250
24687	35700	15	43	1136
24719	35750	15	31	1562
24759	35800	15	39	1250
24799	35850	15	39	1250
24831	35900	15	31	1562
24873	35950	15	41	1190
24918	36000	15	43	1111
24950	36050	15	31	1562
24990	36100	15	39	1250
25027	36150	15	36	1351
25063	36200	15	35	1388
25111	36250	15	47	1041
25142	36300	15	30	1612
25180	36350	15	36	1315
25220	36400	15	39	1250
25264	36450	15	42	1136
25296	36500	15	30	1562
25333	36550	15	35	1351
25377	36600	15	43	1136
25413	36650	15	35	1388
25455	36700	15	41	1190
25495	36750	15	39	1250
25539	36800	15	43	1136
25575	36850	15	35	1388
25611	36900	15	34	1388
25652	36950	15	39	1219
25688	37000	15	35	1388
25733	37050	15	44	1111
25768	37100	15	33	1428
25807	37150	15	37	1282
25851	37200	15	43	1136
25883	37250	15	31	1562
25925	37300	15	41	1190
25965	37350	15	39	1250
25997	37400	15	31	1562
26038	37450	15	40	1219
26077	37500	15	37	1282
26119	37550	15	41	1190
26155	37600	15	35	1388
26189	37650	15	33	1470
26231	37700	15	41	1190
26269	37750	15	37	1315
26304	37800	15	34	1428
26336	37850	15	30	1562
26381	37900	15	43	1111
26418	37950	15	36	1351
26455	38000	15	35	1351
26489	38050	15	33	1470
26537	38100	15	47	1041
26582	38150	15	44	1111
26618	38200	15	34	1388
26654	38250	15	34	1388
26694	38300	15	38	1250
26738	38350	15	42	1136
26770	38400	15	30	1562
26809	38450	15	38	1282
26849	38500	15	39	1250
26887	38550	15	37	1315
26925	38600	15	37	1315
26966	38650	15	40	1219
26998	38700	15	31	1562
27042	38750	15	43	1136
27089	38800	15	46	1063
27117	38850	15	27	1785
27168	38900	15	50	980
27196	38950	15	27	1785
27233	39000	15	36	1351
27284	39050	15	50	980
27321	39100	15	36	1351
27353	39150	15	30	1562
27396	39200	15	41	1162
27432	39250	15	35	1388
27473	39300	15	40	1219
27511	39350	15	36	1315
27549	39400	15	37	1315
27594	39450	15	44	1111
27622	39500	15	27	1785
27665	39550	15	42	1162
27701	39600	15	35	1388
27751	39650	15	49	1000
27783	39700	15	31	1562
27821	39750	15	36	1315
27857	39800	15	35	1388
27901	39850	15	43	1136
27944	39900	15	42	1162
27980	39950	15	35	1388
28016	40000	15	35	1388
28053	40050	15	35	1351
28101	40100	15	47	1041
28134	40150	15	32	1515
28169	40200	15	34	1428
28213	40250	15	43	1136
28257	40300	15	43	1136
28293	40350	15	35	1388
28329	40400	15	34	1388
28371	40450	15	41	1190
28407	40500	15	34	1388
28445	40550	15	36	1315
28487	40600	15	41	1190
28525	40650	15	37	1315
28566	40700	15	40	1219
28605	40750	15	38	1282
28645	40800	15	38	1250
28687	40850	15	40	1190
28727	40900	15	39	1250
28771	40950	15	43	1136
28799	41000	15	27	1785
28837	41050	15	36	1315
28881	41100	15	42	1136
28925	41150	15	43	1136
28961	41200	15	35	1388
29001	41250	15	39	1250
29037	41300	15	35	1388
29079	41350	15	41	1190
29123	41400	15	43	1136
29162	41450	15	37	1282
29198	41500	15	35	1388
29238	41550	15	39	1250
29275	41600	15	35	1351
29314	41650	15	38	1282
29353	41700	15	37	1282
29392	41750	15	37	1282
29437	41800	15	43	1111
29474	41850	15	35	1351
29518	41900	15	43	1136
29554	41950	15	35	1388
29591	42000	15	35	1351
29631	42050	15	39	1250
29676	42100	15	43	1111
29708	42150	15	31	1562
29751	42200	15	42	1162
29796	42250	15	43	1111
29830	42300	15	33	1470
29867	42350	15	36	1351
29909	42400	15	41	1190
29947	42450	15	36	1315
29990	42500	15	41	1162
30027	42550	15	36	1351
30073	42600	15	44	1086
30105	42650	15	31	1562
30154	42700	15	48	1020
30187	42750	15	31	1515
30224	42800	15	36	1351
30261	42850	15	36	1351
30305	42900	15	42	1136
30342	42950	15	36	1351
30385	43000	15	42	1162
30425	43050	15	39	1250
30458	43100	15	31	1515
30499	43150	15	40	1219
30537	43200	15	37	1315
30588	43250	15	50	980
30620	43300	15	30	1562
30657	43350	15	35	1351
30701	43400	15	42	1136
30745	43450	15	43	1136
30781	43500	15	35	1388
30818	43550	15	35	1351
30865	43600	15	46	1063
30898	43650	15	31	1515
30933	43700	15	34	1428
30981	43750	15	47	1041
31018	43800	15	36	1351
31057	43850	15	38	1282
31104	43900	15	45	1063
31140	43950	15	35	1388
31175	44000	15	34	1428
31218	44050	15	41	1162
31262	44100	15	43	1136
31299	44150	15	36	1351
31339	44200	15	39	1250
31379	44250	15	39	1250
31417	44300	15	36	1315
31458	44350	15	39	1219
31495	44400	15	36	1351
31540	44450	15	44	1111
31579	44500	15	38	1282
31623	44550	15	43	1136
31660	44600	15	36	1351
31697	44650	15	36	1351
31743	44700	15	45	1086
31782	44750	15	38	1282
31819	44800	15	35	1351
31863	44850	15	43	1136
31891	44900	15	27	1785
31935	44950	15	43	1136
31973	45000	15	36	1315
32017	45050	15	42	1136
32054	45100	15	35	1351
32093	45150	15	38	1282
32135	45200	15	40	1190
32177	45250	15	41	1190
32213	45300	15	34	1388
32252	45350	15	38	1282
32290	45400	15	37	1315
32334	45450	15	43	1136
32377	45500	15	42	1162
32414	45550	15	35	1351
32459	45600	15	44	1111
32495	45650	15	34	1388
32528	45700	15	32	1515
32580	45750	15	50	961
32617	45800	15	35	1351
32653	45850	15	35	1388
32700	45900	15	45	1063
32736	45950	15	35	1388
32773	46000	15	36	1351
32813	46050	15	39	1250
32857	46100	15	42	1136
32894	46150	15	35	1351
32933	46200	15	38	1282
32981	46250	15	46	1041
33010	46300	15	27	1724
33049	46350	15	38	1282
33099	46400	15	48	1000
33139	46450	15	39	1250
33179	46500	15	39	1250
33210	46550	15	30	1612
33254	46600	15	43	1136
33299	46650	15	43	1111
33342	46700	15	42	1162
33374	46750	15	31	1562
33417	46800	15	42	1162
33462	46850	15	43	1111
33499	46900	15	36	1351
33534	46950	15	34	1428
33573	47000	15	38	1282
33613	47050	15	39	1250
33658	47100	15	43	1111
33702	47150	15	43	1136
33737	47200	15	34	1428
33773	47250	15	35	1388
33809	47300	15	34	1388
33859	47350	15	48	1000
33896	47400	15	35	1351
33935	47450	15	38	1282
33969	47500	15	32	1470
34017	47550	15	46	1041
34052	47600	15	33	1428
34093	47650	15	40	1219
34139	47700	15	44	1086
34176	47750	15	36	1351
34220	47800	15	43	1136
34261	47850	15	39	1219
34290	47900	15	27	1724
34329	47950	15	38	1282
34379	48000	15	48	1000
34416	48050	15	35	1351
34454	48100	15	37	1315
34494	48150	15	39	1250
34537	48200	15	42	1162
34578	48250	15	39	1219
34617	48300	15	38	1282
34658	48350	15	39	1219
34695	48400	15	36	1351
34733	48450	15	37	1315
34777	48500	15	42	1136
34821	48550	15	42	1136
34858	48600	15	35	1351
34897	48650	15	38	1282
34936	48700	15	37	1282
34978	48750	15	40	1190
35023	48800	15	43	1111
35060	48850	15	36	1351
35101	48900	15	40	1219
35141	48950	15	39	1250
35185	49000	15	42	1136
35221	49050	15	35	1388
35260	49100	15	37	1282
35302	49150	15	41	1190
35334	49200	15	31	1562
35385	49250	15	50	980
35421	49300	15	35	1388
35464	49350	15	41	1162
35497	49400	15	31	1515
35541	49450	15	43	1136
35586	49500	15	43	1111
35622	49550	15	35	1388
35665	49600	15	42	1162
35701	49650	15	35	1388
35742	49700	15	39	1219
35784	49750	15	41	1190
35821	49800	15	36	1351
35865	49850	15	43	1136
35902	49900	15	35	1351
35941	49950	15	38	1282
35983	50000	15	40	1190
36028	50050	15	43	1111
36061	50100	15	31	1515
36104	50150	15	41	1162
36149	50200	15	44	1111
36182	50250	15	31	1515
36225	50300	15	42	1162
36262	50350	15	35	1351
36300	50400	15	37	1315
36345	50450	15	43	1111
36390	50500	15	43	1111
36422	50550	15	31	1562
36471	50600	15	48	1020
36505	50650	15	33	1470
36550	50700	15	44	1111
36587	50750	15	36	1351
36626	50800	15	37	1282
36669	50850	15	42	1162
36713	50900	15	42	1136
36752	50950	15	37	1282
36785	51000	15	32	1515
36831	51050	15	45	1086
36872	51100	15	39	1219
36917	51150	15	44	1111
36946	51200	15	27	1724
36993	51250	15	46	1063
37032	51300	15	37	1282
37074	51350	15	40	1190
37118	51400	15	43	1136
37154	51450	15	35	1388
37192	51500	15	36	1315
37238	51550	15	45	1086
37275	51600	15	35	1351
37313	51650	15	36	1315
37349	51700	15	35	1388
37394	51750	15	43	1111
37439	51800	15	44	1111
37476	51850	15	36	1351
37520	51900	15	43	1136
37554	51950	15	33	1470
37597	52000	15	42	1162
37642	52050	15	44	1111
37679	52100	15	36	1351
37718	52150	15	38	1282
37758	52200	15	39	1250
37808	52250	15	49	1000
37846	52300	15	36	1315
37891	52350	15	44	1111
37921	52400	15	28	1666
37966	52450	15	44	1111
38011	52500	15	44	1111
38051	52550	15	39	1250
38093	52600	15	41	1190
38131	52650	15	36	1315
38177	52700	15	44	1086
38213	52750	15	35	1388
38259	52800	15	45	1086
38293	52850	15	32	1470
38330	52900	15	36	1351
38382	52950	15	51	961
38419	53000	15	35	1351
38458	53050	15	37	1282
38498	53100	15	39	1250
38548	53150	15	49	1000
38585	53200	15	36	1351
38632	53250	15	45	1063
38665	53300	15	32	1515
38702	53350	15	36	1351
38750	53400	15	47	1041
38787	53450	15	36	1351
38826	53500	15	38	1282
38869	53550	15	42	1162
38919	53600	15	49	1000
38956	53650	15	36	1351
38993	53700	15	36	1351
39039	53750	15	45	1086
39072	53800	15	32	1515
39118	53850	15	44	1086
39159	53900	15	40	1219
39198	53950	15	38	1282
39240	54000	15	40	1190
39282	54050	15	40	1190
39326	54100	15	42	1136
39372	54150	15	44	1086
39409	54200	15	36	1351
39450	54250	15	39	1219
39484	54300	15	33	1470
39526	54350	15	40	1190
39555	54400	15	28	1724
39583	54450	15	27	1785
39614	54500	15	30	1612
39641	54550	15	26	1851
39662	54600	15	20	2380
39683	54650	15	20	2380
39704	54700	15	20	2380
39725	54750	15	20	2380
39747	54800	15	20	2272
39768	54850	15	20	2380
39789	54900	15	20	2380
39811	54950	15	20	2272
39832	55000	15	20	2380
39852	55050	15	19	2500
39873	55100	15	19	2380
39895	55150	15	20	2272
39916	55200	15	20	2380
39937	55250	15	20	2380
39958	55300	15	20	2380
39979	55350	15	20	2380
40000	55400	15	20	2380
40038	55450	15	28	1315
40070	55500	15	31	1562
40110	55550	15	39	1250
40146	55600	15	35	1388
40179	55650	15	32	1515
40222	55700	15	41	1162
40266	55750	15	43	1136
40298	55800	15	31	1562
40349	55850	15	50	980
40373	55900	15	23	2083
40404	55950	15	30	1612
40425	56000	15	20	2380
40446	56050	15	20	2380
40467	56100	15	20	2380
40488	56150	15	20	2380
40509	56200	15	20	2380
40530	56250	15	20	2380
40552	56300	15	20	2272
40573	56350	15	20	2380
40595	56400	15	21	2272
40616	56450	15	20	2380
40637	56500	15	20	2380
40658	56550	15	19	2380
40680	56600	15	19	2272
40701	56650	15	20	2380
40722	56700	15	20	2380
40743	56750	15	20	2380
40764	56800	15	20	2380
40785	56850	15	20	2380
40811	56900	15	20	1923
40832	56950	15	20	2380
40853	57000	15	20	2380
40884	57050	15	21	1612
40911	57100	15	26	1851
40932	57150	15	20	2380
40953	57200	15	20	2380
40974	57250	15	20	2380
40995	57300	15	20	2380
41016	57350	15	20	2380
41037	57400	15	20	2380
41059	57450	15	20	2272
41080	57500	15	20	2380
41101	57550	15	20	2380
41127	57600	15	25	1923
41148	57650	15	20	2380
41170	57700	15	20	2272
41191	57750	15	20	2380
41212	57800	15	20	2380
41234	57850	15	21	2272
41255	57900	15	20	2380
41276	57950	15	20	2380
41297	58000	15	20	2380
41318	58050	15	19	2380
41343	58100	15	23	2000
41364	58150	15	20	2380
41409	58200	15	44	1111
41433	58250	15	22	2083
41454	58300	15	19	2380
41475	58350	15	20	2380
41496	58400	15	20	2380
41526	58450	15	29	1666
41549	58500	15	22	2173
41570	58550	15	20	2380
41591	58600	15	20	2380
41613	58650	15	21	2272
41634	58700	15	20	2380
41655	58750	15	20	2380
41676	58800	15	20	2380
41697	58850	15	20	2380
41718	58900	15	20	2380
41739	58950	15	20	2380
41760	59000	15	20	2380
41781	59050	15	20	2380
41804	59100	15	21	2173
41842	59150	15	36	1315
41867	59200	15	24	2000
41888	59250	15	20	2380
41909	59300	15	20	2380
41930	59350	15	20	2380
41951	59400	15	20	2380
41972	59450	15	20	2380
41993	59500	15	20	2380
42015	59550	15	20	2272
42036	59600	15	20	2380
42057	59650	15	20	2380
42078	59700	15	20	2380
42099	59750	15	20	2380
42120	59800	15	20	2380
42141	59850	15	20	2380
42162	59900	15	20	2380
42183	59950	15	20	2380
42204	60000	15	20	2380
42225	60050	15	20	2380
42246	60100	15	20	2380
42267	60150	15	20	2380
42288	60200	15	20	2380
42309	60250	15	20	2380
42330	60300	15	20	2380
42368	60350	15	33	1315
42400	60400	15	30	1562
42430	60450	15	29	1666
42460	60500	15	29	1666
42481	60550	15	20	2380
42502	60600	15	19	2380
42523	60650	15	20	2380
42545	60700	15	20	2272
42566	60750	15	20	2380
42587	60800	15	20	2380
42609	60850	15	21	2272
42635	60900	15	20	1923
42656	60950	15	20	2380
42677	61000	15	20	2380
42698	61050	15	20	2380
42719	61100	15	20	2380
42740	61150	15	20	2380
42762	61200	15	21	2272
42794	61250	15	22	1562
42830	61300	15	35	1388
42858	61350	15	27	1785
42890	61400	15	31	1562
42930	61450	15	39	1250
42975	61500	15	44	1111
43010	61550	15	34	1428
43046	61600	15	35	1388
43078	61650	15	31	1562
43110	61700	15	31	1562
43146	61750	15	35	1388
43179	61800	15	32	1515
43225	61850	15	45	1086
43264	61900	15	38	1282
43286	61950	15	21	2272
43307	62000	15	20	2380
43329	62050	15	20	2272
43350	62100	15	20	2380
43371	62150	15	20	2380
43392	62200	15	20	2380
43413	62250	15	20	2380
43434	62300	15	20	2380
43474	62350	15	39	1250
43510	62400	15	35	1388
43546	62450	15	35	1388
43573	62500	15	26	1851
43595	62550	15	21	2272
43638	62600	15	42	1162
43666	62650	15	27	1785
43692	62700	15	21	1923
43713	62750	15	20	2380
43735	62800	15	20	2272
43756	62850	15	20	2380
43777	62900	15	20	2380
43798	62950	15	20	2380
43819	63000	15	20	2380
43841	63050	15	21	2272
43862	63100	15	20	2380
43883	63150	15	20	2380
43905	63200	15	21	2272
43926	63250	15	20	2380
43948	63300	15	21	2272
43969	63350	15	20	2380
43991	63400	15	20	2272
44012	63450	15	20	2380
44033	63500	15	20	2380
44055	63550	15	21	2272
44076	63600	15	20	2380
44097	63650	15	20	2380
44118	63700	15	20	2380
44139	63750	15	20	2380
44161	63800	15	20	2272
44182	63850	15	20	2380
44204	63900	15	21	2272
44225	63950	15	20	2380
44247	64000	15	20	2272
44268	64050	15	20	2380
44289	64100	15	20	2380
44311	64150	15	21	2272
44332	64200	15	20	2380
44353	64250	15	20	2380
44374	64300	15	20	2380
44396	64350	15	21	2272
44417	64400	15	20	2380
44438	64450	15	20	2380
44460	64500	15	21	2272
44481	64550	15	20	2380
44503	64600	15	21	2272
44524	64650	15	20	2380
44545	64700	15	20	2380
44567	64750	15	21	2272
44588	64800	15	20	2380
44610	64850	15	21	2272
44641	64900	15	30	1612
44662	64950	15	20	2380
44684	65000	15	21	2272
44705	65050	15	20	2380
44727	65100	15	20	2272
44749	65150	15	20	2272
44770	65200	15	20	2380
44791	65250	15	20	2380
44813	65300	15	21	2272
44836	65350	15	22	2173
44857	65400	15	20	2380
44879	65450	15	21	2272
44900	65500	15	20	2380
44921	65550	15	20	2380
44943	65600	15	21	2272
44964	65650	15	20	2380
44986	65700	15	21	2272
45007	65750	15	20	2380
45029	65800	15	21	2272
45050	65850	15	20	2380
45072	65900	15	21	2272
45094	65950	15	21	2272
45116	66000	15	21	2272
45138	66050	15	21	2272
45160	66100	15	21	2272
45181	66150	15	20	2380
45203	66200	15	21	2272
45224	66250	15	20	2380
45246	66300	15	21	2272
45268	66350	15	21	2272
45289	66400	15	20	2380
45311	66450	15	21	2272
45332	66500	15	20	2380
45353	66550	15	20	2380
45375	66600	15	21	2272
45396	66650	15	20	2380
45418	66700	15	21	2272
45440	66750	15	21	2272
45461	66800	15	20	2380
45483	66850	15	21	2272
45504	66900	15	20	2380
45526	66950	15	21	2272
45547	67000	15	20	2380
45568	67050	15	20	2380
45590	67100	15	21	2272
45612	67150	15	21	2272
45634	67200	15	21	2272
45655	67250	15	20	2380
45677	67300	15	21	2272
45698	67350	15	20	2380
45720	67400	15	21	2272
45741	67450	15	20	2380
45763	67500	15	21	2272
45784	67550	15	20	2380
45806	67600	15	21	2272
45827	67650	15	20	2380
45849	67700	15	21	2272
45870	67750	15	20	2380
45892	67800	15	21	2272
45913	67850	15	20	2380
45935	67900	15	20	2272
45956	67950	15	20	2380
45978	68000	15	21	2272
46000	68050	15	21	2272
46021	68100	15	20	2380
46043	68150	15	21	2272
46064	68200	15	20	2380
46086	68250	15	21	2272
46107	68300	15	20	2380
46129	68350	15	21	2272
46165	68400	15	35	1388
46187	68450	15	20	2272
46208	68500	15	20	2380
46230	68550	15	21	2272
46252	68600	15	21	2272
46273	68650	15	20	2380
46295	68700	15	21	2272
46316	68750	15	20	2380
46338	68800	15	21	2272
46359	68850	15	20	2380
46381	68900	15	21	2272
46402	68950	15	20	2380
46424	69000	15	21	2272
46445	69050	15	20	2380
46467	69100	15	20	2272
46489	69150	15	21	2272
46510	69200	15	20	2380
46532	69250	15	21	2272
46553	69300	15	20	2380
46575	69350	15	21	2272
46597	69400	15	21	2272
46620	69450	15	22	2173
46641	69500	15	20	2380
46663	69550	15	20	2272
46685	69600	15	21	2272
46706	69650	15	20	2380
46728	69700	15	21	2272
46749	69750	15	20	2380
46771	69800	15	20	2272
46793	69850	15	20	2272
46815	69900	15	21	2272
46836	69950	15	20	2380
46858	70000	15	21	2272
46879	70050	15	20	2380
46901	70100	15	21	2272
46923	70150	15	21	2272
46944	70200	15	20	2380
46966	70250	15	21	2272
46992	70300	15	25	1923
47014	70350	15	21	2272
47035	70400	15	20	2380
47057	70450	15	21	2272
47079	70500	15	21	2272
47100	70550	15	20	2380
47122	70600	15	21	2272
47143	70650	15	20	2380
47165	70700	15	21	2272
47186	70750	15	20	2380
47208	70800	15	20	2272
47230	70850	15	21	2272
47252	70900	15	21	2272
47274	70950	15	21	2272
47296	71000	15	21	2272
47318	71050	15	21	2272
47340	71100	15	21	2272
47362	71150	15	21	2272
47384	71200	15	21	2272
47405	71250	15	20	2380
47427	71300	15	21	2272
47448	71350	15	20	2380
47470	71400	15	21	2272
47492	71450	15	21	2272
47514	71500	15	21	2272
47535	71550	15	20	2380
47557	71600	15	21	2272
47579	71650	15	21	2272
47600	71700	15	20	2380
47623	71750	15	22	2173
47660	71800	15	36	1351
47682	71850	15	21	2272
47704	71900	15	21	2272
47725	71950	15	20	2380
47747	72000	15	20	2272
47769	72050	15	21	2272
47790	72100	15	20	2380
47813	72150	15	22	2173
47835	72200	15	21	2272
47856	72250	15	20	2380
47878	72300	15	21	2272
47900	72350	15	21	2272
47922	72400	15	21	2272
47944	72450	15	21	2272
47966	72500	15	21	2272
47988	72550	15	21	2272
48009	72600	15	20	2380
48031	72650	15	21	2272
48053	72700	15	21	2272
48075	72750	15	21	2272
48096	72800	15	20	2380
48118	72850	15	21	2272
48140	72900	15	21	2272
48162	72950	15	21	2272
48184	73000	15	21	2272
48205	73050	15	20	2380
48227	73100	15	21	2272
48249	73150	15	21	2272
48270	73200	15	20	2380
48292	73250	15	21	2272
48314	73300	15	21	2272
48336	73350	15	21	2272
48357	73400	15	20	2380
48379	73450	15	21	2272
48401	73500	15	21	2272
48423	73550	15	21	2272
48444	73600	15	20	2380
48466	73650	15	21	2272
48488	73700	15	21	2272
48510	73750	15	21	2272
48532	73800	15	21	2272
48554	73850	15	21	2272
48576	73900	15	21	2272
48598	73950	15	21	2272
48621	74000	15	22	2173
48644	74050	15	22	2173
48666	74100	15	21	2272
48688	74150	15	21	2272
48710	74200	15	21	2272
48732	74250	15	21	2272
48753	74300	15	20	2380
48775	74350	15	20	2272
48797	74400	15	21	2272
48819	74450	15	21	2272
48841	74500	15	21	2272
48862	74550	15	20	2380
48884	74600	15	21	2272
48906	74650	15	21	2272
48928	74700	15	21	2272
48950	74750	15	21	2272
48972	74800	15	21	2272
48994	74850	15	21	2272
49016	74900	15	21	2272
49038	74950	15	21	2272
49060	75000	15	21	2272
49082	75050	15	21	2272
49105	75100	15	22	2173
49127	75150	15	21	2272
49149	75200	15	21	2272
49171	75250	15	20	2272
49193	75300	15	20	2272
49215	75350	15	20	2272
49237	75400	15	21	2272
49259	75450	15	20	2272
49281	75500	15	21	2272
49303	75550	15	20	2272
49325	75600	15	21	2272
49347	75650	15	20	2272
49369	75700	15	21	2272
49391	75750	15	21	2272
49413	75800	15	21	2272
49435	75850	15	21	2272
49457	75900	15	21	2272
49479	75950	15	21	2272
49501	76000	15	21	2272
49523	76050	15	21	2272
49545	76100	15	21	2272
49567	76150	15	21	2272
49589	76200	15	21	2272
49611	76250	15	21	2272
49635	76300	15	23	2083
49657	76350	15	21	2272
49679	76400	15	21	2272
49702	76450	15	22	2173
49724	76500	15	21	2272
49746	76550	15	21	2272
49768	76600	15	21	2272
49790	76650	15	21	2272
49812	76700	15	21	2272
49834	76750	15	21	2272
49856	76800	15	21	2272
49878	76850	15	21	2272
49900	76900	15	20	2272
49921	76950	15	20	2380
49943	77000	15	20	2272
49965	77050	15	21	2272
49987	77100	15	21	2272
50009	77150	15	21	2272
50031	77200	15	21	2272
50053	77250	15	21	2272
50083	77300	15	29	1666
50105	77350	15	21	2272
50127	77400	15	21	2272
50149	77450	15	21	2272
50171	77500	15	21	2272
50193	77550	15	21	2272
50215	77600	15	21	2272
50237	77650	15	21	2272
50259	77700	15	21	2272
50281	77750	15	21	2272
50303	77800	15	21	2272
50325	77850	15	21	2272
50347	77900	15	21	2272
50369	77950	15	21	2272
50391	78000	15	20	2272
50413	78050	15	21	2272
50435	78100	15	21	2272
50465	78150	15	29	1666
50487	78200	15	21	2272
50509	78250	15	21	2272
50531	78300	15	21	2272
50553	78350	15	21	2272
50575	78400	15	21	2272
50597	78450	15	21	2272
50620	78500	15	21	2173
50644	78550	15	23	2083
50676	78600	15	31	1562
50699	78650	15	22	2173
50721	78700	15	21	2272
50744	78750	15	21	2173
50766	78800	15	21	2272
50788	78850	15	21	2272
50810	78900	15	21	2272
50832	78950	15	21	2272
50854	79000	15	21	2272
50877	79050	15	22	2173
50907	79100	15	29	1666
50929	79150	15	21	2272
50951	79200	15	21	2272
50974	79250	15	22	2173
50996	79300	15	21	2272
51018	79350	15	21	2272
51040	79400	15	21	2272
51063	79450	15	22	2173
51085	79500	15	21	2272
51107	79550	15	21	2272
51129	79600	15	21	2272
51152	79650	15	21	2173
51174	79700	15	21	2272
51196	79750	15	21	2272
51218	79800	15	21	2272
51240	79850	15	21	2272
51263	79900	15	22	2173
51285	79950	15	21	2272
51307	80000	15	21	2272
51330	80050	15	22	2173
51352	80100	15	21	2272
51375	80150	15	22	2173
51397	80200	15	21	2272
51419	80250	15	21	2272
51441	80300	15	21	2272
51464	80350	15	21	2173
51486	80400	15	21	2272
51508	80450	15	21	2272
51531	80500	15	22	2173
51553	80550	15	21	2272
51576	80600	15	22	2173
51598	80650	15	21	2272
51620	80700	15	21	2272
51644	80750	15	23	2083
51666	80800	15	21	2272
51688	80850	15	21	2272
51711	80900	15	22	2173
51733	80950	15	21	2272
51755	81000	15	21	2272
51778	81050	15	22	2173
51801	81100	15	22	2173
51823	81150	15	21	2272
51846	81200	15	22	2173
51868	81250	15	21	2272
51890	81300	15	21	2272
51912	81350	15	21	2272
51935	81400	15	22	2173
51957	81450	15	21	2272
51979	81500	15	21	2272
52002	81550	15	22	2173
52024	81600	15	21	2272
52046	81650	15	21	2272
52069	81700	15	22	2173
52091	81750	15	21	2272
52113	81800	15	21	2272
52136	81850	15	21	2173
52158	81900	15	21	2272
52180	81950	15	21	2272
52203	82000	15	21	2173
52225	82050	15	21	2272
52248	82100	15	21	2173
52270	82150	15	21	2272
52292	82200	15	21	2272
52315	82250	15	22	2173
52337	82300	15	21	2272
52359	82350	15	21	2272
52392	82400	15	32	1515
52414	82450	15	21	2272
52437	82500	15	22	2173
52459	82550	15	21	2272
52482	82600	15	22	2173
52505	82650	15	22	2173
52527	82700	15	21	2272
52551	82750	15	23	2083
52573	82800	15	21	2272
52595	82850	15	21	2272
52618	82900	15	22	2173
52641	82950	15	22	2173
52663	83000	15	21	2272
52686	83050	15	22	2173
52708	83100	15	21	2272
52738	83150	15	29	1666
52761	83200	15	22	2173
52783	83250	15	21	2272
52806	83300	15	22	2173
52828	83350	15	21	2272
52851	83400	15	22	2173
52873	83450	15	21	2272
52896	83500	15	22	2173
52918	83550	15	21	2272
52940	83600	15	21	2272
52963	83650	15	22	2173
52985	83700	15	21	2272
53008	83750	15	21	2173
53030	83800	15	21	2272
53053	83850	15	22	2173
53075	83900	15	21	2272
53098	83950	15	22	2173
53120	84000	15	21	2272
53142	84050	15	21	2272
53165	84100	15	22	2173
53187	84150	15	21	2272
53210	84200	15	22	2173
53232	84250	15	21	2272
53255	84300	15	22	2173
53278	84350	15	22	2173
53301	84400	15	22	2173
53323	84450	15	21	2272
53346	84500	15	22	2173
53369	84550	15	22	2173
53391	84600	15	21	2272
53414	84650	15	22	2173
53436	84700	15	21	2272
53458	84750	15	21	2272
53481	84800	15	22	2173
53504	84850	15	22	2173
53526	84900	15	21	2272
53548	84950	15	21	2272
53571	85000	15	22	2173
53594	85050	15	21	2173
53616	85100	15	21	2272
53639	85150	15	22	2173
53663	85200	15	22	2083
53685	85250	15	21	2272
53708	85300	15	22	2173
53730	85350	15	21	2272
53753	85400	15	22	2173
53775	85450	15	21	2272
53798	85500	15	22	2173
53820	85550	15	21	2272
53843	85600	15	22	2173
53866	85650	15	22	2173
53888	85700	15	21	2272
53911	85750	15	22	2173
53933	85800	15	21	2272
53956	85850	15	21	2173
53978	85900	15	21	2272
54001	85950	15	22	2173
54024	86000	15	22	2173
54046	86050	15	21	2272
54069	86100	15	22	2173
54092	86150	15	22	2173
54114	86200	15	21	2272
54137	86250	15	22	2173
54159	86300	15	21	2272
54182	86350	15	22	2173
54213	86400	15	30	1612
54236	86450	15	21	2173
54259	86500	15	22	2173
54281	86550	15	21	2272
54304	86600	15	21	2173
54326	86650	15	21	2272
54349	86700	15	22	2173
54372	86750	15	22	2173
54394	86800	15	21	2272
54417	86850	15	22	2173
54440	86900	15	22	2173
54462	86950	15	21	2272
54485	87000	15	22	2173
54508	87050	15	22	2173
54530	87100	15	21	2272
54553	87150	15	22	2173
54576	87200	15	22	2173
54599	87250	15	22	2173
54622	87300	15	22	2173
54646	87350	15	23	2083
54669	87400	15	22	2173
54692	87450	15	22	2173
54715	87500	15	22	2173
54739	87550	15	23	2083
54762	87600	15	22	2173
54785	87650	15	22	2173
54807	87700	15	21	2272
54830	87750	15	22	2173
54853	87800	15	22	2173
54877	87850	15	23	2083
54900	87900	15	22	2173
54923	87950	15	22	2173
54945	88000	15	21	2272
54968	88050	15	21	2173
54991	88100	15	22	2173
55014	88150	15	22	2173
55037	88200	15	22	2173
55059	88250	15	21	2272
55082	88300	15	22	2173
55105	88350	15	22	2173
55127	88400	15	21	2272
55150	88450	15	22	2173
55173	88500	15	22	2173
55196	88550	15	22	2173
55219	88600	15	22	2173
55242	88650	15	22	2173
55264	88700	15	21	2272
55287	88750	15	22	2173
55310	88800	15	22	2173
55333	88850	15	22	2173
55356	88900	15	22	2173
55379	88950	15	22	2173
55402	89000	15	22	2173
55432	89050	15	29	1666
55455	89100	15	22	2173
55477	89150	15	21	2272
55500	89200	15	21	2173
55523	89250	15	22	2173
55546	89300	15	22	2173
55569	89350	15	22	2173
55592	89400	15	22	2173
55614	89450	15	21	2272
55637	89500	15	22	2173
55662	89550	15	23	2000
55685	89600	15	22	2173
55708	89650	15	22	2173
55730	89700	15	21	2272
55753	89750	15	22	2173
55776	89800	15	21	2173
55799	89850	15	22	2173
55822	89900	15	22	2173
55845	89950	15	22	2173
55867	90000	15	21	2272
55890	90050	15	22	2173
55920	90100	15	29	1666
55943	90150	15	22	2173
55966	90200	15	22	2173
55989	90250	15	22	2173
56012	90300	15	22	2173
56035	90350	15	22	2173
56058	90400	15	22	2173
56081	90450	15	22	2173
56104	90500	15	21	2173
56127	90550	15	22	2173
56150	90600	15	22	2173
56173	90650	15	22	2173
56196	90700	15	22	2173
56219	90750	15	22	2173
56242	90800	15	22	2173
56265	90850	15	22	2173
56288	90900	15	22	2173
56311	90950	15	22	2173
56334	91000	15	22	2173
56357	91050	15	22	2173
56381	91100	15	23	2083
56404	91150	15	22	2173
56430	91200	15	25	1923
56453	91250	15	22	2173
56476	91300	15	22	2173
56499	91350	15	22	2173
56522	91400	15	22	2173
56545	91450	15	22	2173
56568	91500	15	22	2173
56591	91550	15	22	2173
56614	91600	15	22	2173
56637	91650	15	22	2173
56662	91700	15	24	2000
56685	91750	15	22	2173
56708	91800	15	22	2173
56730	91850	15	21	2272
56753	91900	15	22	2173
56776	91950	15	21	2173
56799	92000	15	22	2173
56823	92050	15	22	2083
56846	92100	15	22	2173
56869	92150	15	22	2173
56892	92200	15	22	2173
56915	92250	15	22	2173
56938	92300	15	22	2173
56961	92350	15	22	2173
56984	92400	15	22	2173
57007	92450	15	22	2173
57030	92500	15	22	2173
57053	92550	15	22	2173
57076	92600	15	22	2173
57099	92650	15	22	2173
57122	92700	15	22	2173
57145	92750	15	22	2173
57168	92800	15	22	2173
57191	92850	15	22	2173
57234	92900	15	42	1162
57257	92950	15	22	2173
57280	93000	15	22	2173
57304	93050	15	23	2083
57327	93100	15	22	2173
57350	93150	15	22	2173
57373	93200	15	22	2173
57397	93250	15	23	2083
57420	93300	15	22	2173
57443	93350	15	22	2173
57466	93400	15	22	2173
57489	93450	15	22	2173
57512	93500	15	22	2173
57535	93550	15	22	2173
57558	93600	15	22	2173
57582	93650	15	23	2083
57605	93700	15	22	2173
57628	93750	15	22	2173
57651	93800	15	22	2173
57676	93850	15	24	2000
57699	93900	15	22	2173
57722	93950	15	22	2173
57745	94000	15	22	2173
57768	94050	15	21	2173
57792	94100	15	23	2083
57815	94150	15	22	2173
57838	94200	15	22	2173
57861	94250	15	22	2173
57884	94300	15	22	2173
57907	94350	15	22	2173
57930	94400	15	22	2173
57953	94450	15	22	2173
57977	94500	15	22	2083
58000	94550	15	22	2173
58023	94600	15	22	2173
58046	94650	15	22	2173
58069	94700	15	22	2173
58093	94750	15	22	2083
58116	94800	15	22	2173
58139	94850	15	22	2173
58162	94900	15	22	2173
58185	94950	15	22	2173
58209	95000	15	22	2083
58232	95050	15	22	2173
58255	95100	15	22	2173
58278	95150	15	22	2173
58301	95200	15	22	2173
58324	95250	15	22	2173
58347	95300	15	22	2173
58372	95350	15	23	2000
58395	95400	15	22	2173
58418	95450	15	22	2173
58441	95500	15	22	2173
58465	95550	15	22	2083
58488	95600	15	22	2173
58511	95650	15	22	2173
58534	95700	15	22	2173
58558	95750	15	23	2083
58581	95800	15	22	2173
58604	95850	15	22	2173
58627	95900	15	22	2173
58650	95950	15	22	2173
58676	96000	15	25	1923
58699	96050	15	22	2173
58722	96100	15	22	2173
58746	96150	15	23	2083
58769	96200	15	22	2173
58792	96250	15	22	2173
58815	96300	15	22	2173
58839	96350	15	23	2083
58862	96400	15	22	2173
58885	96450	15	22	2173
58909	96500	15	23	2083
58932	96550	15	22	2173
58955	96600	15	22	2173
58978	96650	15	22	2173
59002	96700	15	23	2083
59025	96750	15	22	2173
59048	96800	15	22	2173
59072	96850	15	22	2083
59095	96900	15	22	2173
59118	96950	15	22	2173
59141	97000	15	22	2173
59165	97050	15	22	2083
59188	97100	15	22	2173
59211	97150	15	22	2173
59235	97200	15	23	2083
59258	97250	15	22	2173
59282	97300	15	23	2083
59305	97350	15	22	2173
59329	97400	15	23	2083
59352	97450	15	22	2173
59376	97500	15	23	2083
59399	97550	15	22	2173
59423	97600	15	23	2083
59446	97650	15	22	2173
59470	97700	15	23	2083
59493	97750	15	22	2173
59516	97800	15	22	2173
59540	97850	15	23	2083
59563	97900	15	22	2173
59586	97950	15	22	2173
59610	98000	15	23	2083
59633	98050	15	22	2173
59656	98100	15	22	2173
59681	98150	15	24	2000
59705	98200	15	22	2083
59728	98250	15	22	2173
59752	98300	15	23	2083
59775	98350	15	22	2173
59798	98400	15	22	2173
59822	98450	15	23	2083
59845	98500	15	22	2173
59869	98550	15	23	2083
59892	98600	15	22	2173
59915	98650	15	22	2173
59939	98700	15	23	2083
59962	98750	15	22	2173
59986	98800	15	23	2083
60009	98850	15	22	2173
60282	98900	15	37	183
60319	98950	15	35	1351
60356	99000	15	35	1351
60402	99050	15	45	1086
60445	99100	15	41	1162
60494	99150	15	47	1020
60522	99200	15	26	1785
60548	99250	15	25	1923
60575	99300	15	25	1851
60601	99350	15	25	1923
60645	99400	15	34	1136
60694	99450	15	47	1020
60742	99500	15	46	1041
60778	99550	15	34	1388
60814	99600	15	34	1388
60858	99650	15	42	1136
60910	99700	15	50	961
60946	99750	15	34	1388
60998	99800	15	50	961
61038	99850	15	38	1250
61090	99900	15	50	961
61121	99950	15	29	1612
61148	100000	15	25	1851
61194	100050	15	39	1086
61234	100100	15	38	1250
61289	100150	15	54	909
61315	100200	15	25	1923
61342	100250	15	25	1851
61369	100300	15	26	1851
61399	100350	15	29	1666
61426	100400	15	26	1851
61453	100450	15	26	1851
61479	100500	15	25	1923
61506	100550	15	26	1851
61533	100600	15	26	1851
61560	100650	15	25	1851
61586	100700	15	25	1923
61613	100750	15	26	1851
61653	100800	15	30	1250
61686	100850	15	32	1515
61715	100900	15	28	1724
61742	100950	15	25	1851
61769	101000	15	26	1851
61795	101050	15	25	1923
61822	101100	15	26	1851
61849	101150	15	25	1851
61876	101200	15	26	1851
61902	101250	15	25	1923
61929	101300	15	26	1851
61955	101350	15	25	1923
61983	101400	15	26	1785
62010	101450	15	26	1851
62037	101500	15	26	1851
62064	101550	15	26	1851
62090	101600	15	25	1923
62117	101650	15	25	1851
62144	101700	15	25	1851
62171	101750	15	26	1851
62198	101800	15	26	1851
62224	101850	15	25	1923
62251	101900	15	26	1851
62278	101950	15	26	1851
62304	102000	15	25	1923
62331	102050	15	26	1851
62357	102100	15	25	1923
62384	102150	15	25	1851
62416	102200	15	31	1562
62443	102250	15	26	1851
62470	102300	15	26	1851
62496	102350	15	25	1923
62523	102400	15	25	1851
62550	102450	15	26	1851
62577	102500	15	26	1851
62603	102550	15	25	1923
62630	102600	15	26	1851
62657	102650	15	26	1851
62685	102700	15	27	1785
62712	102750	15	25	1851
62739	102800	15	26	1851
62766	102850	15	26	1851
62792	102900	15	25	1923
62819	102950	15	25	1851
62846	103000	15	26	1851
62873	103050	15	26	1851
62900	103100	15	26	1851
62926	103150	15	25	1923
62953	103200	15	25	1851
62980	103250	15	25	1851
63007	103300	15	26	1851
63034	103350	15	26	1851
63061	103400	15	26	1851
63088	103450	15	25	1851
63114	103500	15	25	1923
63141	103550	15	26	1851
63168	103600	15	26	1851
63207	103650	15	38	1282
63234	103700	15	26	1851
63261	103750	15	26	1851
63288	103800	15	26	1851
63315	103850	15	26	1851
63342	103900	15	26	1851
63370	103950	15	26	1785
63397	104000	15	26	1851
63424	104050	15	26	1851
63451	104100	15	26	1851
63478	104150	15	26	1851
63505	104200	15	26	1851
63532	104250	15	26	1851
63559	104300	15	26	1851
63593	104350	15	33	1470
63620	104400	15	25	1851
63647	104450	15	26	1851
63674	104500	15	26	1851
63702	104550	15	27	1785
63729	104600	15	26	1851
63756	104650	15	26	1851
63783	104700	15	26	1851
63810	104750	15	26	1851
63837	104800	15	26	1851
63863	104850	15	25	1923
63890	104900	15	25	1851
63917	104950	15	26	1851
63944	105000	15	25	1851
63971	105050	15	26	1851
63998	105100	15	26	1851
64025	105150	15	26	1851
64052	105200	15	26	1851
64078	105250	15	25	1923
64105	105300	15	25	1851
64132	105350	15	25	1851
64159	105400	15	26	1851
64200	105450	15	40	1219
64227	105500	15	25	1851
64253	105550	15	25	1923
64280	105600	15	26	1851
64306	105650	15	25	1923
64332	105700	15	25	1923
64359	105750	15	25	1851
64385	105800	15	25	1923
64412	105850	15	25	1851
64438	105900	15	25	1923
64464	105950	15	25	1923
64491	106000	15	25	1851
64517	106050	15	25	1923
64544	106100	15	25	1851
64570	106150	15	25	1923
64597	106200	15	25	1851
64623	106250	15	25	1923
64650	106300	15	25	1851
64676	106350	15	25	1923
64704	106400	15	27	1785
64731	106450	15	26	1851
64757	106500	15	25	1923
64798	106550	15	39	1219
64834	106600	15	35	1388
64870	106650	15	35	1388
64906	106700	15	35	1388
64942	106750	15	35	1388
64978	106800	15	35	1388
65014	106850	15	35	1388
65062	106900	15	47	1041
65113	106950	15	50	980
65164	107000	15	50	980
65226	107050	15	61	806
65276	107100	15	49	1000
65331	107150	15	54	909
65381	107200	15	49	1000
65425	107250	15	42	1136
65482	107300	15	56	877
65535	107350	15	52	943
65574	107400	15	38	1282
65616	107450	15	41	1190
65679	107500	15	61	793
65724	107550	15	44	1111
65784	107600	15	59	833
65834	107650	15	49	1000
65885	107700	15	50	980
65943	107750	15	57	862
65993	107800	15	48	1000
66044	107850	15	50	980
66099	107900	15	54	909
66150	107950	15	50	980
66201	108000	15	50	980
66257	108050	15	55	892
66308	108100	15	50	980
66359	108150	15	50	980
66415	108200	15	55	892
66465	108250	15	48	1000
66515	108300	15	48	1000
66571	108350	15	55	892
66622	108400	15	49	980
66680	108450	15	57	862
66730	108500	15	49	1000
66779	108550	15	48	1020
66836	108600	15	56	877
66887	108650	15	50	980
66939	108700	15	51	961
66991	108750	15	50	961
67047	108800	15	55	892
67098	108850	15	49	980
67156	108900	15	57	862
67201	108950	15	44	1111
67255	109000	15	52	925
67311	109050	15	54	892
67355	109100	15	42	1136
67413	109150	15	57	862
67473	109200	15	59	833
67519	109250	15	45	1086
67572	109300	15	52	943
67626	109350	15	53	925
67677	109400	15	50	980
67732	109450	15	54	909
67772	109500	15	39	1250
67822	109550	15	49	1000
67873	109600	15	50	980
67931	109650	15	56	862
67980	109700	15	47	1020
68031	109750	15	50	980
68080	109800	15	48	1020
68136	109850	15	55	892
68194	109900	15	57	862
68238	109950	15	43	1136
68299	110000	15	60	819
68344	110050	15	44	1111
68399	110100	15	54	909
68456	110150	15	56	877
68506	110200	15	49	1000
68553	110250	15	46	1063
68613	110300	15	59	833
68668	110350	15	54	909
68712	110400	15	43	1136
68776	110450	15	62	781
68827	110500	15	50	980
68877	110550	15	49	1000
68937	110600	15	58	833
68980	110650	15	42	1162
69034	110700	15	53	925
69084	110750	15	49	1000
69140	110800	15	55	892
69196	110850	15	55	892
69247	110900	15	50	980
69298	110950	15	50	980
69349	111000	15	50	980
69405	111050	15	55	892
69454	111100	15	48	1020
69494	111150	15	39	1250
69525	111200	15	30	1612
69552	111250	15	25	1851
69579	111300	15	25	1851
69606	111350	15	26	1851
69633	111400	15	26	1851
69660	111450	15	26	1851
69687	111500	15	26	1851
69715	111550	15	27	1785
69742	111600	15	26	1851
69769	111650	15	26	1851
69796	111700	15	26	1851
69823	111750	15	26	1851
69850	111800	15	26	1851
69877	111850	15	26	1851
69904	111900	15	26	1851
69931	111950	15	26	1851
69974	112000	15	42	1162
70010	112050	15	35	1388
70046	112100	15	35	1388
70082	112150	15	35	1388
70126	112200	15	43	1136
70162	112250	15	35	1388
70210	112300	15	47	1041
70258	112350	15	47	1041
70302	112400	15	43	1136
70358	112450	15	55	892
70409	112500	15	50	980
70466	112550	15	56	877
70517	112600	15	50	980
70567	112650	15	49	1000
70616	112700	15	47	1020
70672	112750	15	55	892
70728	112800	15	55	892
70779	112850	15	50	980
70830	112900	15	50	980
70880	112950	15	49	1000
70936	113000	15	55	892
70988	113050	15	51	961
71044	113100	15	55	892
71096	113150	15	51	961
71158	113200	15	60	806
71205	113250	15	45	1063
71259	113300	15	52	925
71310	113350	15	50	980
71360	113400	15	49	1000
71416	113450	15	55	892
71472	113500	15	55	892
71521	113550	15	48	1020
71572	113600	15	50	980
71628	113650	15	55	892
71678	113700	15	49	1000
71737	113750	15	57	847
71783	113800	15	44	1086
71818	113850	15	34	1428
71869	113900	15	50	980
71924	113950	15	53	909
71975	114000	15	49	980
72031	114050	15	55	892
72082	114100	15	50	980
72133	114150	15	49	980
72184	114200	15	49	980
72246	114250	15	61	806
72297	114300	15	50	980
72340	114350	15	42	1162
72392	114400	15	50	961
72453	114450	15	60	819
72503	114500	15	49	1000
72563	114550	15	59	833
72610	114600	15	46	1063
72667	114650	15	56	877
72718	114700	15	49	980
72770	114750	15	50	961
72820	114800	15	48	1000
72877	114850	15	56	877
72933	114900	15	54	892
72985	114950	15	50	961
73039	115000	15	53	925
73086	115050	15	46	1063
73148	115100	15	61	806
73198	115150	15	49	1000
73254	115200	15	55	892
73297	115250	15	42	1162
73360	115300	15	62	793
73411	115350	15	50	980
73466	115400	15	54	909
73513	115450	15	45	1063
73568	115500	15	54	909
73626	115550	15	57	862
73669	115600	15	42	1162
73733	115650	15	62	781
73783	115700	15	49	1000
73834	115750	15	49	980
73884	115800	15	49	1000
73948	115850	15	63	781
74000	115900	15	51	961
74051	115950	15	50	980
74099	116000	15	47	1041
74156	116050	15	56	877
74207	116100	15	50	980
74264	116150	15	56	877
74315	116200	15	50	980
74364	116250	15	48	1020
74428	116300	15	63	781
74483	116350	15	54	909
74527	116400	15	43	1136
74584	116450	15	56	877
74636	116500	15	51	961
74693	116550	15	55	877
74758	116600	15	64	769
74798	116650	15	39	1250
74854	116700	15	55	892
74916	116750	15	61	806
74961	116800	15	44	1111
75016	116850	15	54	909
75072	116900	15	55	892
75130	116950	15	57	862
75175	117000	15	43	1111
75226	117050	15	50	980
75288	117100	15	61	806
75340	117150	15	51	961
75391	117200	15	50	980
75446	117250	15	54	909
75505	117300	15	57	847
75552	117350	15	46	1063
75610	117400	15	57	862
75661	117450	15	50	980
75722	117500	15	59	819
75765	117550	15	42	1162
75829	117600	15	63	781
75879	117650	15	49	1000
75930	117700	15	50	980
75980	117750	15	48	1000
76040	117800	15	59	833
76093	117850	15	52	943
76145	117900	15	50	961
76203	117950	15	57	862
76251	118000	15	47	1041
76308	118050	15	56	877
76361	118100	15	52	943
76416	118150	15	54	909
76468	118200	15	50	961
76524	118250	15	55	892
76575	118300	15	50	980
76626	118350	15	50	980
76683	118400	15	56	877
76739	118450	15	55	892
76791	118500	15	51	961
76841	118550	15	49	1000
76892	118600	15	50	980
76948	118650	15	55	892
77000	118700	15	51	961
77052	118750	15	51	961
77114	118800	15	61	806
77157	118850	15	42	1162
77222	118900	15	62	769
77269	118950	15	46	1063
77328	119000	15	57	847
77379	119050	15	50	980
77436	119100	15	56	877
77488	119150	15	51	961
77537	119200	15	48	1020
77599	119250	15	61	806
77651	119300	15	51	961
77702	119350	15	50	980
77759	119400	15	56	877
77806	119450	15	46	1063
77866	119500	15	59	833
77925	119550	15	58	847
77974	119600	15	48	1020
78026	119650	15	51	961
78083	119700	15	56	877
78134	119750	15	50	980
78184	119800	15	49	1000
78240	119850	15	55	892
78299	119900	15	57	847
78350	119950	15	50	980
78402	120000	15	51	961
78463	120050	15	60	819
78514	120100	15	50	980
78571	120150	15	56	877
78615	120200	15	43	1136
78669	120250	15	53	925
78723	120300	15	52	925
78774	120350	15	49	980
78837	120400	15	62	793
78889	120450	15	50	961
78940	120500	15	50	980
78997	120550	15	56	877
79051	120600	15	53	925
79098	120650	15	46	1063
79160	120700	15	61	806
79211	120750	15	50	980
79267	120800	15	54	892
79326	120850	15	58	847
79370	120900	15	43	1136
79420	120950	15	49	1000
79485	121000	15	64	769
79531	121050	15	45	1086
79586	121100	15	54	909
79643	121150	15	55	877
79696	121200	15	52	943
79760	121250	15	63	781
79806	121300	15	45	1086
79864	121350	15	57	862
79913	121400	15	48	1020
79977	121450	15	63	781
80022	121500	15	44	1111
80085	121550	15	62	793
80136	121600	15	50	980
80189	121650	15	52	943
80244	121700	15	54	909
80302	121750	15	57	862
80354	121800	15	51	961
80413	121850	15	58	847
80462	121900	15	48	1020
80512	121950	15	49	1000
80575	122000	15	61	793
80627	122050	15	50	961
80679	122100	15	51	961
80729	122150	15	49	1000
80788	122200	15	58	847
80837	122250	15	48	1020
80902	122300	15	63	769
80946	122350	15	43	1136
81011	122400	15	64	769
81058	122450	15	46	1063
81112	122500	15	53	925
81169	122550	15	55	877
81229	122600	15	59	833
81285	122650	15	55	892
81330	122700	15	44	1111
81378	122750	15	47	1041
81407	122800	15	28	1724
81435	122850	15	27	1785
81462	122900	15	26	1851
81507	122950	15	44	1111
81543	123000	15	35	1388
81582	123050	15	38	1282
81618	123100	15	35	1388
81654	123150	15	35	1388
81690	123200	15	35	1388
81726	123250	15	35	1388
81770	123300	15	43	1136
81814	123350	15	43	1136
81866	123400	15	51	961
81922	123450	15	55	892
81969	123500	15	45	1063
82025	123550	15	55	892
82083	123600	15	57	862
82138	123650	15	54	909
82190	123700	15	50	961
82242	123750	15	51	961
82298	123800	15	55	892
82351	123850	15	51	943
82402	123900	15	50	980
82459	123950	15	56	877
82514	124000	15	53	909
82568	124050	15	53	925
82625	124100	15	55	877
82682	124150	15	56	877
82733	124200	15	50	980
82791	124250	15	56	862
82849	124300	15	57	862
82894	124350	15	44	1111
82946	124400	15	51	961
83002	124450	15	55	892
83055	124500	15	52	943
83111	124550	15	55	892
83167	124600	15	55	892
83213	124650	15	45	1086
83272	124700	15	57	847
83327	124750	15	54	909
83379	124800	15	51	961
83436	124850	15	56	877
83493	124900	15	56	877
83544	124950	15	50	980
83597	125000	15	52	943
83653	125050	15	54	892
83709	125100	15	55	892
83768	125150	15	58	847
83824	125200	15	55	892
83878	125250	15	53	925
83934	125300	15	55	892
83985	125350	15	50	980
84042	125400	15	55	877
84094	125450	15	51	961
84144	125500	15	49	1000
84204	125550	15	58	833
84255	125600	15	50	980
84312	125650	15	55	877
84361	125700	15	47	1020
84425	125750	15	63	781
84477	125800	15	51	961
84535	125850	15	56	862
84591	125900	15	55	892
84650	125950	15	58	847
84686	126000	15	35	1388
84733	126050	15	46	1063
84797	126100	15	63	781
84848	126150	15	50	980
84905	126200	15	56	877
84958	126250	15	51	943
85009	126300	15	50	980
85069	126350	15	59	833
85125	126400	15	55	892
85176	126450	15	49	980
85225	126500	15	48	1020
85289	126550	15	62	781
85341	126600	15	51	961
85393	126650	15	51	961
85449	126700	15	55	892
85507	126750	15	57	862
85562	126800	15	54	909
85598	126850	15	35	1388
85656	126900	15	57	862
85702	126950	15	45	1086
85764	127000	15	61	806
85816	127050	15	51	961
85876	127100	15	59	833
85922	127150	15	45	1086
85981	127200	15	58	847
86039	127250	15	57	862
86091	127300	15	51	961
86143	127350	15	51	961
86201	127400	15	57	862
86251	127450	15	49	1000
86309	127500	15	57	862
86359	127550	15	48	1000
86418	127600	15	58	847
86476	127650	15	56	862
86526	127700	15	48	1000
86585	127750	15	58	847
86642	127800	15	56	877
86694	127850	15	51	961
86745	127900	15	50	980
86809	127950	15	63	781
86853	128000	15	43	1136
86911	128050	15	56	862
86975	128100	15	63	781
87023	128150	15	47	1041
87079	128200	15	55	892
87129	128250	15	49	1000
87193	128300	15	63	781
87245	128350	15	51	961
87301	128400	15	54	892
87354	128450	15	51	943
87410	128500	15	55	892
87463	128550	15	51	943
87520	128600	15	56	877
87574	128650	15	53	925
87631	128700	15	56	877
87681	128750	15	49	1000
87745	128800	15	63	781
87804	128850	15	57	847
87855	128900	15	50	980
87908	128950	15	51	943
87970	129000	15	61	806
88022	129050	15	51	961
88074	129100	15	51	961
88131	129150	15	56	877
88187	129200	15	55	892
88247	129250	15	59	833
88291	129300	15	43	1136
88349	129350	15	57	862
88401	129400	15	51	961
88465	129450	15	63	781
88517	129500	15	51	961
88574	129550	15	56	877
88631	129600	15	56	877
88682	129650	15	50	980
88732	129700	15	49	1000
88797	129750	15	64	769
88849	129800	15	50	961
88901	129850	15	51	961
88957	129900	15	55	892
89009	129950	15	51	961
89070	130000	15	60	819
89130	130050	15	59	833
89176	130100	15	45	1086
89229	130150	15	52	943
89291	130200	15	60	806
89349	130250	15	57	862
89408	130300	15	58	847
89460	130350	15	51	961
89516	130400	15	55	892
89571	130450	15	54	909
89624	130500	15	52	943
89677	130550	15	52	943
89729	130600	15	51	961
89791	130650	15	61	806
89845	130700	15	53	925
89910	130750	15	64	769
89955	130800	15	44	1111
90012	130850	15	56	877
90065	130900	15	52	943
90125	130950	15	58	833
90186	131000	15	59	819
90239	131050	15	52	943
90295	131100	15	55	892
90347	131150	15	51	961
90400	131200	15	51	943
90457	131250	15	55	877
90509	131300	15	50	961
90567	131350	15	56	862
90625	131400	15	57	862
90678	131450	15	52	943
90740	131500	15	61	806
90792	131550	15	51	961
90845	131600	15	51	943
90901	131650	15	55	892
90967	131700	15	64	757
91018	131750	15	50	980
91076	131800	15	57	862
91128	131850	15	51	961
91184	131900	15	55	892
91232	131950	15	47	1041
91295	132000	15	62	793
91352	132050	15	56	877
91410	132100	15	57	862
91463	132150	15	51	943
91520	132200	15	56	877
91576	132250	15	55	892
91629	132300	15	52	943
91691	132350	15	60	806
91748	132400	15	56	877
91800	132450	15	51	961
91857	132500	15	56	877
91909	132550	15	51	961
91966	132600	15	56	877
92018	132650	15	51	961
92077	132700	15	57	847
92131	132750	15	52	925
92193	132800	15	60	806
92245	132850	15	51	961
92301	132900	15	55	892
92354	132950	15	51	943
92405	133000	15	50	980
92469	133050	15	63	781
92522	133100	15	52	943
92577	133150	15	54	909
92632	133200	15	54	909
92686	133250	15	53	925
92748	133300	15	61	806
92805	133350	15	56	877
92863	133400	15	57	862
92913	133450	15	49	1000
92975	133500	15	61	806
93030	133550	15	54	909
93082	133600	15	51	961
93141	133650	15	58	847
93199	133700	15	56	862
93251	133750	15	51	961
93302	133800	15	50	980
93361	133850	15	58	847
93412	133900	15	49	980
93477	133950	15	64	769
93522	134000	15	44	1111
93579	134050	15	56	877
93640	134100	15	60	819
93703	134150	15	62	793
93747	134200	15	43	1136
93811	134250	15	63	781
93867	134300	15	55	892
93920	134350	15	51	943
93972	134400	15	51	961
94032	134450	15	59	833
94087	134500	15	54	909
94146	134550	15	58	847
94199	134600	15	52	943
94253	134650	15	52	925
94306	134700	15	51	943
94371	134750	15	64	769
94428	134800	15	56	877
94480	134850	15	51	961
94534	134900	15	53	925
94589	134950	15	54	909
94641	135000	15	50	961
94705	135050	15	63	781
94758	135100	15	51	943
94822	135150	15	63	781
94869	135200	15	45	1063
94926	135250	15	56	877
94984	135300	15	57	862
95037	135350	15	52	943
95097	135400	15	57	833
95158	135450	15	60	819
95213	135500	15	53	909
95261	135550	15	47	1041
95320	135600	15	57	847
95378	135650	15	57	862
95436	135700	15	57	862
95488	135750	15	51	961
95549	135800	15	60	819
95599	135850	15	49	1000
95655	135900	15	55	892
95715	135950	15	59	833
95767	136000	15	51	961
95824	136050	15	56	877
95877	136100	15	52	943
95943	136150	15	64	757
95990	136200	15	46	1063
96045	136250	15	54	909
96109	136300	15	62	781
96154	136350	15	43	1111
96219	136400	15	64	769
96272	136450	15	52	943
96328	136500	15	55	892
96387	136550	15	57	847
96440	136600	15	51	943
96493	136650	15	52	943
96551	136700	15	56	862
96614	136750	15	62	793
96672	136800	15	57	862
96717	136850	15	44	1111
96782	136900	15	63	769
96835	136950	15	52	943
96893	137000	15	57	862
96945	137050	15	50	961
97009	137100	15	62	781
97062	137150	15	51	943
97120	137200	15	56	862
97177	137250	15	55	877
97233	137300	15	55	892
97288	137350	15	54	909
97343	137400	15	54	909
97396	137450	15	51	943
97454	137500	15	56	862
97505	137550	15	50	980
97569	137600	15	62	781
97623	137650	15	53	925
97676	137700	15	51	943
97736	137750	15	59	833
97792	137800	15	55	892
97855	137850	15	62	793
97908	137900	15	52	943
97950	137950	15	40	1190
98001	138000	15	50	980
98054	138050	15	51	943
98109	138100	15	54	909
98170	138150	15	60	819
98223	138200	15	51	943
98275	138250	15	51	961
98332	138300	15	56	877
98386	138350	15	53	925
98445	138400	15	58	847
98501	138450	15	55	892
98561	138500	15	59	833
98618	138550	15	56	877
98671	138600	15	52	943
98730	138650	15	58	847
98787	138700	15	56	877
98840	138750	15	52	943
98906	138800	15	65	757
98957	138850	15	50	980
99014	138900	15	56	877
99068	138950	15	53	925
99126	139000	15	57	862
99192	139050	15	65	757
99238	139100	15	45	1086
99298	139150	15	59	833
99360	139200	15	61	806
99414	139250	15	52	925
99466	139300	15	51	961
99530	139350	15	63	781
99583	139400	15	52	943
99641	139450	15	57	862
99693	139500	15	51	961
99759	139550	15	65	757
99813	139600	15	53	925
99874	139650	15	59	819
99925	139700	15	50	980
99978	139750	15	52	943
100036	139800	15	57	862
100100	139850	15	63	781
100153	139900	15	52	943
100214	139950	15	60	819
100271	140000	15	56	877
100328	140050	15	56	877
100381	140100	15	52	943
100434	140150	15	52	943
100498	140200	15	63	781
100555	140250	15	56	877
100612	140300	15	55	877
100659	140350	15	46	1063
100697	140400	15	36	1315
100746	140450	15	47	1020
100786	140500	15	39	1250
100816	140550	15	29	1666
100845	140600	15	28	1724
100874	140650	15	27	1724
100922	140700	15	47	1041
100958	140750	15	35	1388
100994	140800	15	35	1388
101030	140850	15	35	1388
101070	140900	15	39	1250
101106	140950	15	35	1388
101148	141000	15	41	1190
101186	141050	15	37	1315
101226	141100	15	39	1250
101262	141150	15	35	1388
101306	141200	15	43	1136
101354	141250	15	47	1041
101394	141300	15	39	1250
101442	141350	15	47	1041
101495	141400	15	52	943
101562	141450	15	65	746
101613	141500	15	50	980
101671	141550	15	56	862
101729	141600	15	57	862
101788	141650	15	57	847
101849	141700	15	60	819
101901	141750	15	50	961
101952	141800	15	50	980
102018	141850	15	65	757
102066	141900	15	47	1041
102125	141950	15	58	847
102180	142000	15	54	909
102238	142050	15	56	862
102299	142100	15	60	819
102338	142150	15	38	1282
102391	142200	15	52	943
102444	142250	15	52	943
102502	142300	15	57	862
102568	142350	15	65	757
102613	142400	15	44	1111
102676	142450	15	61	793
102734	142500	15	57	862
102793	142550	15	58	847
102852	142600	15	57	847
102905	142650	15	52	943
102963	142700	15	56	862
103022	142750	15	58	847
103075	142800	15	52	943
103134	142850	15	58	847
103193	142900	15	58	847
103250	142950	15	56	877
103303	143000	15	52	943
103368	143050	15	64	769
103423	143100	15	54	909
103476	143150	15	52	943
103530	143200	15	53	925
103590	143250	15	59	833
103647	143300	15	56	877
103704	143350	15	56	877
103768	143400	15	63	781
103818	143450	15	49	1000
103883	143500	15	64	769
103937	143550	15	53	925
103994	143600	15	56	877
104030	143650	15	35	1388
104066	143700	15	35	1388
104119	143750	15	52	943
104178	143800	15	58	847
104233	143850	15	53	909
104296	143900	15	61	793
104350	143950	15	53	925
104408	144000	15	57	862
104466	144050	15	57	862
104526	144100	15	59	833
104582	144150	15	55	892
104642	144200	15	59	833
104695	144250	15	51	943
104759	144300	15	62	781
104812	144350	15	52	943
104867	144400	15	54	909
104918	144450	15	50	980
104978	144500	15	59	833
105036	144550	15	56	862
105090	144600	15	53	925
105142	144650	15	51	961
105207	144700	15	64	769
105265	144750	15	57	862
105318	144800	15	52	943
105370	144850	15	51	961
105428	144900	15	57	862
105494	144950	15	65	757
105547	145000	15	52	943
105610	145050	15	62	793
105663	145100	15	52	943
105722	145150	15	57	847
105768	145200	15	45	1086
105824	145250	15	55	892
105890	145300	15	65	757
105949	145350	15	58	847
106002	145400	15	51	943
106062	145450	15	59	833
106119	145500	15	56	877
106172	145550	15	52	943
106231	145600	15	58	847
106282	145650	15	50	980
106342	145700	15	59	833
106400	145750	15	57	862
106458	145800	15	57	862
106524	145850	15	65	757
106572	145900	15	46	1041
106643	145950	15	70	704
106688	146000	15	44	1111
106754	146050	15	65	757
106806	146100	15	50	961
106868	146150	15	60	806
106931	146200	15	62	793
106985	146250	15	53	925
107055	146300	15	64	714
107105	146350	15	49	1000
107165	146400	15	58	833
107221	146450	15	55	892
107282	146500	15	59	819
107335	146550	15	52	943
107394	146600	15	57	847
107446	146650	15	51	961
107517	146700	15	70	704
107570	146750	15	52	943
107624	146800	15	52	925
107684	146850	15	59	833
107742	146900	15	56	862
107807	146950	15	64	769
107866	147000	15	58	847
107919	147050	15	52	943
107972	147100	15	51	943
108026	147150	15	53	925
108088	147200	15	61	806
108154	147250	15	64	757
108200	147300	15	45	1086
108266	147350	15	65	757
108328	147400	15	60	806
108379	147450	15	50	980
108442	147500	15	62	793
108490	147550	15	46	1041
108558	147600	15	66	735
108608	147650	15	48	1000
108673	147700	15	64	769
108727	147750	15	52	925
108786	147800	15	58	847
108850	147850	15	63	781
108903	147900	15	52	943
108956	147950	15	52	943
109022	148000	15	65	757
109080	148050	15	57	862
109135	148100	15	54	909
109196	148150	15	60	819
109256	148200	15	59	833
109301	148250	15	44	1111
109366	148300	15	63	769
109427	148350	15	60	819
109485	148400	15	56	862
109546	148450	15	60	819
109596	148500	15	49	1000
109654	148550	15	57	862
109714	148600	15	58	833
109770	148650	15	54	892
109834	148700	15	63	781
109893	148750	15	58	847
109947	148800	15	53	925
110010	148850	15	62	793
110064	148900	15	53	925
110123	148950	15	58	847
110176	149000	15	52	943
110230	149050	15	52	925
110300	149100	15	69	714
110346	149150	15	45	1086
110404	149200	15	57	862
110470	149250	15	65	757
110531	149300	15	60	819
110587	149350	15	55	892
110641	149400	15	53	925
110706	149450	15	64	769
110759	149500	15	51	943
110813	149550	15	53	925
110872	149600	15	58	847
110931	149650	15	58	847
110991	149700	15	59	833
111055	149750	15	63	781
111116	149800	15	60	819
111168	149850	15	51	961
111227	149900	15	58	847
111287	149950	15	59	833
111347	150000	15	59	833
111401	150050	15	53	925
111465	150100	15	63	781
111519	150150	15	53	925
111577	150200	15	57	862
111633	150250	15	53	892
111703	150300	15	69	714
111759	150350	15	55	892
111819	150400	15	58	833
111870	150450	15	50	980
111935	150500	15	64	769
111987	150550	15	51	961
112046	150600	15	58	847
112110	150650	15	63	781
112164	150700	15	53	925
112216	150750	15	51	961
112275	150800	15	58	847
112334	150850	15	58	847
112398	150900	15	63	781
112452	150950	15	53	925
112505	151000	15	52	943
112570	151050	15	63	769
112629	151100	15	58	847
112687	151150	15	57	862
112740	151200	15	52	943
112804	151250	15	62	781
112857	151300	15	52	943
112910	151350	15	52	943
112974	151400	15	63	781
113035	151450	15	60	819
113093	151500	15	57	862
113146	151550	15	52	943
113207	151600	15	60	819
113265	151650	15	57	862
113322	151700	15	56	877
113376	151750	15	53	925
113435	151800	15	58	847
113495	151850	15	59	833
113555	151900	15	59	833
113612	151950	15	56	877
113671	152000	15	58	847
113730	152050	15	58	847
113790	152100	15	58	833
113847	152150	15	56	877
113910	152200	15	62	793
113968	152250	15	57	862
114025	152300	15	56	877
114081	152350	15	55	892
114138	152400	15	56	877
114202	152450	15	63	781
114252	152500	15	49	1000
114315	152550	15	62	793
114368	152600	15	52	943
114432	152650	15	63	781
114486	152700	15	53	925
114547	152750	15	60	819
114604	152800	15	56	877
114657	152850	15	52	943
114717	152900	15	58	833
114775	152950	15	57	862
114834	153000	15	58	847
114896	153050	15	61	806
114958	153100	15	61	806
115005	153150	15	46	1063
115071	153200	15	65	757
115123	153250	15	51	961
115191	153300	15	67	735
115246	153350	15	54	909
115308	153400	15	60	806
115360	153450	15	51	961
115426	153500	15	65	757
115480	153550	15	53	925
115536	153600	15	55	892
115599	153650	15	62	793
115657	153700	15	57	862
115711	153750	15	53	925
115777	153800	15	65	757
115835	153850	15	56	862
115898	153900	15	62	793
115955	153950	15	56	877
116009	154000	15	53	925
116075	154050	15	65	757
116128	154100	15	52	943
116180	154150	15	51	961
116247	154200	15	66	746
116300	154250	15	52	943
116359	154300	15	58	847
116419	154350	15	59	833
116483	154400	15	63	781
116537	154450	15	53	925
116600	154500	15	61	793
116662	154550	15	61	806
116708	154600	15	45	1086
116775	154650	15	66	746
116833	154700	15	57	862
116888	154750	15	53	909
116952	154800	15	63	781
117005	154850	15	52	943
117066	154900	15	60	819
117123	154950	15	56	877
117183	155000	15	58	833
117243	155050	15	59	833
117300	155100	15	56	877
117360	155150	15	59	833
117414	155200	15	52	925
117472	155250	15	57	862
117537	155300	15	64	769
117600	155350	15	62	793
